680.0 134.0 52 52
1258.0 164.0 52 52
551.0 174.0 52 52
493.0 188.0 52 52
497.0 239.0 52 52
310.0 249.0 52 52
279.0 300.0 52 52
826.0 355.0 52 52
524.0 372.0 52 52
683.0 404.0 52 52
1348.0 427.0 52 52
143.0 461.0 52 52
247.0 468.0 52 52
1384.0 473.0 52 52
911.0 489.0 52 52
451.0 520.0 52 52
1517.0 529.0 52 52
1341.0 591.0 52 52
453.0 601.0 52 52
258.0 635.0 52 52
689.0 653.0 52 52
1063.0 661.0 52 52
160.0 663.0 52 52
929.0 665.0 52 52
1736.0 670.0 52 52
1220.0 671.0 52 52
970.0 694.0 52 52
183.0 699.0 52 52
1240.0 722.0 52 52
1662.0 738.0 52 52
1487.0 750.0 52 52
486.0 763.0 52 52
1579.0 764.0 52 52
1163.0 786.0 52 52
1735.0 804.0 52 52
1095.0 823.0 52 52
982.0 832.0 52 52
1662.0 855.0 52 52
1318.0 869.0 52 52
1407.0 910.0 52 52
637.0 930.0 52 52
1180.0 939.0 52 52
1441.0 974.0 52 52
698.0 996.0 52 52
800.0 1055.0 52 52
388.0 1089.0 52 52
228.0 1127.0 52 52
568.0 1132.0 52 52
1613.0 1143.0 52 52
139.0 1178.0 52 52
550.0 1182.0 52 52
1654.0 1183.0 52 52
799.0 1199.0 52 52
1328.0 1204.0 52 52
464.0 1235.0 52 52
210.0 1244.0 52 52
1613.0 1291.0 52 52
1296.0 1295.0 52 52
988.0 1297.0 52 52
659.0 1302.0 52 52
189.0 1350.0 52 52
