1621.0 748.0 50 50
1535.0 1107.0 48 48
320.0 399.0 47 47
940.0 407.0 48 48
1399.0 791.0 50 50
257.0 458.0 47 47
418.0 1213.0 48 48
234.0 114.0 47 47
1194.0 499.0 46 46
1501.0 122.0 48 48
1116.0 1243.0 46 46
575.0 530.0 47 47
1112.0 539.0 47 47
1237.0 538.0 47 47
555.0 140.0 47 47
292.0 145.0 49 49
1273.0 152.0 48 48
786.0 1294.0 47 47
278.0 164.0 44 44
1419.0 803.0 49 49
748.0 176.0 47 47
1548.0 1293.0 48 48
555.0 816.0 48 48
653.0 1312.0 47 47
1117.0 819.0 47 47
386.0 1311.0 47 47
484.0 565.0 47 47
1830.0 811.0 51 51
635.0 214.0 47 47
707.0 214.0 48 48
1144.0 225.0 48 48
1321.0 226.0 48 48
570.0 873.0 47 47
86.0 236.0 47 47
279.0 619.0 47 47
315.0 619.0 47 47
1195.0 1343.0 47 47
157.0 249.0 48 48
1026.0 651.0 47 47
1155.0 881.0 47 47
1664.0 254.0 49 49
1455.0 281.0 47 47
136.0 238.0 48 48
905.0 667.0 47 47
617.0 664.0 48 48
1848.0 1394.0 46 46
527.0 927.0 47 47
677.0 925.0 47 47
1101.0 941.0 47 47
1345.0 949.0 48 48
148.0 350.0 47 47
859.0 1014.0 49 49
1349.0 1016.0 48 48
701.0 1039.0 47 47
1716.0 1075.0 51 51
675.0 975.0 47 47
850.0 970.0 47 47
757.0 971.0 48 48
