282.0 332.0 45 45
370.0 337.0 47 47
530.0 460.0 45 45
334.0 576.0 49 49
257.0 765.0 46 46
648.0 957.0 45 45
555.0 997.0 47 47
733.0 1120.0 48 48
505.0 1401.0 46 46
675.0 1402.0 48 48
1080.0 1401.0 48 48
1144.0 1401.0 46 46
1547.0 1400.0 46 46
257.0 1402.0 50 50
282.0 332.0 45 45
370.0 337.0 47 47
530.0 460.0 45 45
334.0 576.0 49 49
257.0 765.0 46 46
648.0 957.0 45 45
555.0 997.0 47 47
733.0 1120.0 48 48
505.0 1401.0 46 46
675.0 1402.0 48 48
1080.0 1401.0 48 48
1144.0 1401.0 46 46
1547.0 1400.0 46 46
257.0 1402.0 50 50
282.0 332.0 45 45
370.0 337.0 47 47
530.0 460.0 45 45
334.0 576.0 49 49
257.0 765.0 46 46
648.0 957.0 45 45
555.0 997.0 47 47
733.0 1120.0 48 48
505.0 1401.0 46 46
675.0 1402.0 48 48
1080.0 1401.0 48 48
1144.0 1401.0 46 46
1547.0 1400.0 46 46
257.0 1402.0 50 50
282.0 332.0 45 45
370.0 337.0 47 47
530.0 460.0 45 45
334.0 576.0 49 49
257.0 765.0 46 46
648.0 957.0 45 45
555.0 997.0 47 47
733.0 1120.0 48 48
505.0 1401.0 46 46
675.0 1402.0 48 48
1080.0 1401.0 48 48
1144.0 1401.0 46 46
1547.0 1400.0 46 46
257.0 1402.0 50 50
