1.350000000000000000e+02 6.860000000000000000e+02 1.000000000000000000e+00
1.400000000000000000e+02 3.790000000000000000e+02 1.000000000000000000e+00
9.860000000000000000e+02 3.330000000000000000e+02 -1.000000000000000000e+00
7.080000000000000000e+02 4.300000000000000000e+02 -1.000000000000000000e+00
5.140000000000000000e+02 1.830000000000000000e+02 -1.000000000000000000e+00
1.464000000000000000e+03 4.970000000000000000e+02 1.000000000000000000e+00
1.560000000000000000e+02 6.040000000000000000e+02 0.000000000000000000e+00
2.950000000000000000e+02 1.015000000000000000e+03 1.000000000000000000e+00
8.010000000000000000e+02 4.460000000000000000e+02 0.000000000000000000e+00
1.767000000000000000e+03 3.800000000000000000e+02 -1.000000000000000000e+00
7.200000000000000000e+02 9.690000000000000000e+02 0.000000000000000000e+00
1.150000000000000000e+02 6.180000000000000000e+02 -1.000000000000000000e+00
4.640000000000000000e+02 6.640000000000000000e+02 1.000000000000000000e+00
4.210000000000000000e+02 8.180000000000000000e+02 1.000000000000000000e+00
2.340000000000000000e+02 1.039000000000000000e+03 -1.000000000000000000e+00
8.630000000000000000e+02 8.300000000000000000e+02 0.000000000000000000e+00
1.765000000000000000e+03 1.154000000000000000e+03 -1.000000000000000000e+00
1.394000000000000000e+03 1.183000000000000000e+03 1.000000000000000000e+00
