680.0 534.0 47 47
1134.0 744.0 48 48
633.0 742.0 43 43
538.0 560.0 47 47
698.0 407.0 47 47
1152.0 762.0 48 48
841.0 574.0 47 47
1439.0 767.0 48 48
1062.0 585.0 47 47
1243.0 586.0 47 47
973.0 437.0 47 47
421.0 425.0 47 47
1102.0 439.0 47 47
971.0 599.0 47 47
430.0 601.0 47 47
95.0 798.0 47 47
739.0 443.0 46 46
579.0 612.0 47 47
1837.0 839.0 45 45
1333.0 82.0 46 46
137.0 86.0 47 47
159.0 94.0 46 46
1113.0 131.0 48 48
1597.0 870.0 47 47
846.0 693.0 47 47
1232.0 699.0 47 47
1310.0 937.0 47 47
315.0 186.0 49 49
1172.0 1162.0 48 48
1484.0 210.0 48 48
779.0 227.0 47 47
1103.0 1185.0 48 48
356.0 285.0 48 48
1198.0 283.0 48 48
1516.0 298.0 47 47
396.0 973.0 48 48
671.0 1205.0 47 47
132.0 977.0 46 46
98.0 989.0 50 50
1671.0 993.0 47 47
1266.0 321.0 47 47
834.0 340.0 47 47
1087.0 271.0 47 47
886.0 1233.0 47 47
196.0 1244.0 48 48
1568.0 1029.0 47 47
1526.0 1028.0 47 47
388.0 1051.0 47 47
1078.0 1274.0 48 48
279.0 1057.0 48 48
933.0 1308.0 47 47
505.0 1076.0 47 47
299.0 1358.0 46 46
648.0 1383.0 48 48
303.0 1399.0 45 45
800.0 1401.0 46 46
872.0 1401.0 49 49
1134.0 744.0 48 48
633.0 742.0 43 43
315.0 186.0 49 49
698.0 407.0 47 47
1152.0 762.0 48 48
1439.0 767.0 48 48
1484.0 210.0 48 48
973.0 437.0 47 47
421.0 425.0 47 47
779.0 227.0 47 47
1102.0 439.0 47 47
95.0 798.0 47 47
739.0 443.0 46 46
1087.0 271.0 47 47
1198.0 283.0 48 48
356.0 285.0 48 48
1837.0 839.0 45 45
1333.0 82.0 46 46
137.0 86.0 47 47
159.0 94.0 46 46
1516.0 298.0 47 47
680.0 534.0 47 47
1113.0 131.0 48 48
1597.0 870.0 47 47
1266.0 321.0 47 47
538.0 560.0 47 47
841.0 574.0 47 47
834.0 340.0 47 47
1062.0 585.0 47 47
1243.0 586.0 47 47
1310.0 937.0 47 47
971.0 599.0 47 47
430.0 601.0 47 47
846.0 693.0 47 47
1232.0 699.0 47 47
579.0 612.0 47 47
396.0 973.0 48 48
132.0 977.0 46 46
98.0 989.0 50 50
1671.0 993.0 47 47
1172.0 1162.0 48 48
1078.0 1274.0 48 48
1103.0 1185.0 48 48
1568.0 1029.0 47 47
279.0 1057.0 48 48
388.0 1051.0 47 47
1526.0 1028.0 47 47
671.0 1205.0 47 47
505.0 1076.0 47 47
933.0 1308.0 47 47
299.0 1358.0 46 46
886.0 1233.0 47 47
648.0 1383.0 48 48
196.0 1244.0 48 48
303.0 1399.0 45 45
800.0 1401.0 46 46
872.0 1401.0 49 49
1310.0 937.0 47 47
1152.0 762.0 48 48
1439.0 767.0 48 48
1172.0 1162.0 48 48
95.0 798.0 47 47
396.0 973.0 48 48
132.0 977.0 46 46
98.0 989.0 50 50
1671.0 993.0 47 47
1103.0 1185.0 48 48
1837.0 839.0 45 45
671.0 1205.0 47 47
1597.0 870.0 47 47
1568.0 1029.0 47 47
1526.0 1028.0 47 47
886.0 1233.0 47 47
388.0 1051.0 47 47
196.0 1244.0 48 48
1333.0 82.0 46 46
279.0 1057.0 48 48
1078.0 1274.0 48 48
505.0 1076.0 47 47
1113.0 131.0 48 48
698.0 407.0 47 47
973.0 437.0 47 47
421.0 425.0 47 47
933.0 1308.0 47 47
1102.0 439.0 47 47
739.0 443.0 46 46
299.0 1358.0 46 46
648.0 1383.0 48 48
315.0 186.0 49 49
303.0 1399.0 45 45
800.0 1401.0 46 46
1484.0 210.0 48 48
779.0 227.0 47 47
356.0 285.0 48 48
1198.0 283.0 48 48
1516.0 298.0 47 47
872.0 1401.0 49 49
1266.0 321.0 47 47
680.0 534.0 47 47
834.0 340.0 47 47
1087.0 271.0 47 47
538.0 560.0 47 47
841.0 574.0 47 47
1062.0 585.0 47 47
1243.0 586.0 47 47
846.0 693.0 47 47
1232.0 699.0 47 47
971.0 599.0 47 47
579.0 612.0 47 47
315.0 186.0 49 49
698.0 407.0 47 47
1439.0 767.0 48 48
1484.0 210.0 48 48
973.0 437.0 47 47
421.0 425.0 47 47
779.0 227.0 47 47
1102.0 439.0 47 47
739.0 443.0 46 46
1087.0 271.0 47 47
1198.0 283.0 48 48
1837.0 839.0 45 45
680.0 534.0 47 47
1597.0 870.0 47 47
1333.0 82.0 46 46
137.0 86.0 47 47
356.0 285.0 48 48
538.0 560.0 47 47
1310.0 937.0 47 47
1243.0 586.0 47 47
1113.0 131.0 48 48
971.0 599.0 47 47
1516.0 298.0 47 47
1266.0 321.0 47 47
846.0 693.0 47 47
396.0 973.0 48 48
132.0 977.0 46 46
98.0 989.0 50 50
1671.0 993.0 47 47
1232.0 699.0 47 47
834.0 340.0 47 47
579.0 612.0 47 47
1568.0 1029.0 47 47
388.0 1051.0 47 47
279.0 1057.0 48 48
505.0 1076.0 47 47
1172.0 1162.0 48 48
1078.0 1274.0 48 48
933.0 1308.0 47 47
671.0 1205.0 47 47
886.0 1233.0 47 47
196.0 1244.0 48 48
299.0 1358.0 46 46
648.0 1383.0 48 48
303.0 1399.0 45 45
800.0 1401.0 46 46
872.0 1401.0 49 49
