1117.0 381.0 47 47
1767.0 382.0 49 49
140.0 381.0 47 47
581.0 756.0 47 47
501.0 413.0 48 48
1765.0 1151.0 47 47
401.0 1155.0 47 47
789.0 800.0 48 48
1468.0 1160.0 47 47
709.0 431.0 47 47
1320.0 444.0 49 49
422.0 821.0 48 48
863.0 830.0 47 47
1006.0 449.0 47 47
1392.0 1183.0 47 47
799.0 448.0 47 47
1274.0 850.0 47 47
927.0 458.0 47 47
1198.0 1231.0 48 48
640.0 1251.0 47 47
895.0 886.0 47 47
1465.0 500.0 47 47
998.0 892.0 48 48
1581.0 1260.0 47 47
1346.0 548.0 47 47
465.0 907.0 48 48
376.0 909.0 47 47
1719.0 911.0 48 48
1575.0 559.0 49 49
1541.0 917.0 48 48
1317.0 960.0 49 49
204.0 962.0 47 47
156.0 605.0 47 47
115.0 619.0 47 47
721.0 971.0 47 47
249.0 625.0 47 47
300.0 1009.0 48 48
1846.0 1394.0 48 48
1191.0 659.0 47 47
465.0 664.0 48 48
1044.0 1020.0 47 47
522.0 679.0 45 45
133.0 687.0 47 47
236.0 1038.0 47 47
1798.0 1044.0 47 47
948.0 700.0 47 47
1332.0 721.0 47 47
525.0 731.0 48 48
142.0 730.0 48 48
513.0 186.0 49 49
1580.0 176.0 48 48
311.0 169.0 46 46
646.0 87.0 45 45
1413.0 103.0 48 48
983.0 333.0 47 47
1289.0 330.0 47 47
521.0 121.0 50 50
1768.0 171.0 50 50
